8 9 250 18 82
13 18 54 40 20 36 29 24 16
12 10 36 20 14 25 16 10 8
40 23 102 65 23 66 46 43 36
8 8 23 23 7 22 8 6 8
26 22 86 53 26 70 19 32 28
9 13 35 35 10 28 21 16 9
21 23 85 63 21 47 37 39 29
15 29 62 48 17 58 23 20 31
40 26 64 18 53 30 60 49
0 12 3 10 9 9 10 8
12 0 12 10 12 14 13 12
3 12 0 10 9 9 10 8
10 10 10 0 5 6 9 6
9 12 9 5 0 6 11 7
9 14 9 6 6 0 8 5
10 13 10 9 11 8 0 6
8 12 8 6 7 5 6 0
0 15 19 11 17 12 21 16 22
15 0 15 12 25 10 16 7 14
19 15 0 22 16 10 20 20 11
11 12 22 0 25 12 14 9 19
17 25 16 25 0 18 27 29 22
12 10 10 12 18 0 12 13 10
21 16 20 14 27 12 0 14 12
16 7 20 9 29 13 14 0 18
22 14 11 19 22 10 12 18 0
