5 8 250 18 82
9 11 10 23 32 32 12 24
8 23 9 38 33 31 13 43
42 65 37 102 136 139 50 105
40 66 34 94 108 124 51 96
20 15 7 46 31 47 11 40
27 37 112 122 36
0 5 10 4 10
5 0 10 5 10
10 10 0 11 5
4 5 11 0 10
10 10 5 10 0
0 24 24 24 29 23 28 23
24 0 11 11 26 31 27 31
24 11 0 9 27 31 28 31
24 11 9 0 27 31 28 31
29 26 27 27 0 25 11 24
23 31 31 31 25 0 23 10
28 27 28 28 11 23 0 22
23 31 31 31 24 10 22 0
