7 10 250 5 95
37 20 57 30 40 58 68 67 83 61
27 19 47 20 32 53 50 64 78 43
82 45 145 66 90 122 159 200 265 125
16 10 25 15 38 31 35 39 56 22
55 24 88 27 51 89 83 108 118 64
76 38 124 51 91 152 171 171 215 116
26 7 41 15 22 40 36 43 67 33
36 32 82 19 46 91 22
0 10 12 4 10 12 12
10 0 9 10 9 9 9
12 9 0 12 9 4 4
4 10 12 0 10 12 12
10 9 9 10 0 9 9
12 9 4 12 9 0 4
12 9 4 12 9 4 0
0 29 34 29 33 8 29 35 36 29
29 0 17 21 17 31 20 24 25 9
34 17 0 20 8 35 19 18 19 19
29 21 20 0 20 30 7 30 31 20
33 17 8 20 0 34 19 17 18 18
8 31 35 30 34 0 31 36 37 30
29 20 19 7 19 31 0 29 31 19
35 24 18 30 17 36 29 0 8 26
36 25 19 31 18 37 31 8 0 28
29 9 19 20 18 30 19 26 28 0
