5 7 250 29 71
83 36 55 40 23 122 19
182 95 107 59 38 265 34
306 137 134 78 62 373 49
206 111 114 63 41 289 51
402 199 192 105 90 515 82
24 58 75 68 103
0 15 16 8 5
15 0 18 10 13
16 18 0 9 14
8 10 9 0 14
5 13 14 14 0
0 37 39 35 36 36 38
37 0 10 33 9 34 11
39 10 0 35 11 37 12
35 33 35 0 32 10 32
36 9 11 32 0 33 11
36 34 37 10 33 0 33
38 11 12 32 11 33 0
