6 5 250 1 99
65 37 115 106 53
185 76 357 276 165
189 83 332 279 153
68 45 149 122 69
89 41 170 146 93
134 70 275 205 142
30 88 86 39 42 65
0 12 4 4 12 11
12 0 13 13 4 5
4 13 0 4 12 12
4 13 4 0 12 12
12 4 12 12 0 4
11 5 12 12 4 0
0 28 28 10 9
28 0 11 27 28
28 11 0 26 27
10 27 26 0 9
9 28 27 9 0
