9 9 250 9 91
22 49 36 25 22 23 24 37 50
39 59 65 49 30 56 31 59 76
36 61 71 51 38 41 20 46 54
11 21 29 23 20 16 10 23 26
18 18 22 24 11 20 8 22 32
18 47 51 29 32 30 21 49 54
87 155 177 105 83 125 66 123 145
34 56 79 60 44 41 22 70 77
34 88 92 68 46 65 41 73 73
27 39 37 14 16 26 87 41 48
0 7 8 16 6 14 11 6 4
7 0 3 17 4 14 13 4 7
8 3 0 18 5 15 14 5 7
16 17 18 0 16 15 7 16 17
6 4 5 16 0 13 12 3 6
14 14 15 15 13 0 13 13 14
11 13 14 7 12 13 0 12 12
6 4 5 16 3 13 12 0 7
4 7 7 17 6 14 12 7 0
0 35 8 17 24 36 22 24 35
35 0 35 38 34 9 29 34 9
8 35 0 16 24 36 23 24 35
17 38 16 0 23 38 28 24 37
24 34 24 23 0 35 20 9 34
36 9 36 38 35 0 30 35 8
22 29 23 28 20 30 0 19 30
24 34 24 24 9 35 19 0 35
35 9 35 37 34 8 30 35 0
