10 6 250 1 99
60 18 18 86 51 76
34 17 11 53 19 43
70 41 26 157 79 121
31 12 5 36 24 27
137 57 45 232 102 159
136 57 44 278 105 166
55 26 23 108 35 84
31 6 13 54 32 37
52 19 17 96 39 64
138 56 40 202 91 146
26 16 37 12 64 61 30 15 22 58
0 8 7 14 2 7 2 7 14 7
8 0 3 11 7 2 7 4 11 4
7 3 0 12 7 2 7 4 12 4
14 11 12 0 13 11 13 11 3 12
2 7 7 13 0 7 2 7 13 7
7 2 2 11 7 0 7 4 12 4
2 7 7 13 2 7 0 7 13 7
7 4 4 11 7 4 7 0 11 3
14 11 12 3 13 12 13 11 0 12
7 4 4 12 7 4 7 3 12 0
0 25 22 24 33 33
25 0 12 8 26 25
22 12 0 11 28 27
24 8 11 0 26 25
33 26 28 26 0 8
33 25 27 25 8 0
