8 5 250 10 90
23 8 11 8 6
193 60 105 99 40
39 26 39 27 11
44 23 20 10 9
35 9 16 13 7
52 14 47 39 20
27 11 29 11 14
31 23 20 21 14
16 122 37 30 23 49 25 32
0 6 18 18 12 13 6 17
6 0 18 18 13 14 6 18
18 18 0 5 16 15 17 5
18 18 5 0 16 15 17 6
12 13 16 16 0 6 12 15
13 14 15 15 6 0 12 14
6 6 17 17 12 12 0 17
17 18 5 6 15 14 17 0
0 24 24 16 39
24 0 21 18 21
24 21 0 10 30
16 18 10 0 15
39 21 30 15 0
