6 6 250 22 78
34 43 63 45 14 15
105 162 115 116 65 53
81 101 116 90 58 40
51 91 83 52 43 27
62 111 83 66 49 36
174 256 252 182 124 88
24 67 57 39 42 106
0 11 7 5 6 6
11 0 12 11 11 11
7 12 0 7 7 7
5 11 7 0 5 6
6 11 7 5 0 7
6 11 7 6 7 0
0 15 11 16 16 10
15 0 15 11 11 15
11 15 0 15 15 11
16 11 15 0 11 16
16 11 15 11 0 16
10 15 11 16 16 0
