10 10 250 16 84
2 9 4 27 8 7 10 9 1 9
3 12 9 32 10 9 9 7 4 7
9 24 13 54 23 14 22 19 14 15
3 3 2 19 7 2 9 3 1 8
6 13 12 44 19 9 14 10 5 15
2 7 6 9 6 5 5 4 3 5
1 5 7 33 16 2 11 5 1 3
15 33 25 100 31 24 40 23 19 28
1 0 4 13 3 1 3 2 2 1
7 13 12 41 19 18 31 10 6 16
22 28 56 15 38 14 22 97 8 49
0 19 6 5 9 18 9 5 11 5
19 0 18 19 19 5 19 20 13 19
6 18 0 6 8 18 8 7 10 6
5 19 6 0 10 19 10 5 11 5
9 19 8 10 0 18 5 10 11 10
18 5 18 19 18 0 18 19 12 18
9 19 8 10 5 18 0 10 11 10
5 20 7 5 10 19 10 0 12 5
11 13 10 11 11 12 11 12 0 11
5 19 6 5 10 18 10 5 11 0
0 10 15 15 16 11 16 16 18 9
10 0 16 16 17 11 17 17 18 9
15 16 0 10 10 16 10 10 11 16
15 16 10 0 11 15 11 11 12 15
16 17 10 11 0 17 9 9 10 17
11 11 16 15 17 0 17 17 18 10
16 17 10 11 9 17 0 10 10 17
16 17 10 11 9 17 10 0 10 17
18 18 11 12 10 18 10 10 0 18
9 9 16 15 17 10 17 17 18 0
