9 6 250 10 90
35 29 11 21 67 7
206 181 61 100 344 27
115 113 45 65 204 30
25 31 11 19 61 6
44 57 22 28 106 11
42 53 15 29 94 7
150 184 53 90 326 36
116 114 35 67 209 15
82 85 34 48 156 17
14 83 46 14 25 19 70 49 34
0 2 2 3 14 2 2 3 14
2 0 2 2 14 3 2 2 14
2 2 0 3 13 3 3 3 14
3 2 3 0 15 2 2 2 15
14 14 13 15 0 15 14 14 2
2 3 3 2 15 0 3 3 16
2 2 3 2 14 3 0 2 14
3 2 3 2 14 3 2 0 15
14 14 14 15 2 16 14 15 0
0 28 28 28 20 29
28 0 9 10 21 10
28 9 0 10 20 10
28 10 10 0 21 9
20 21 20 21 0 21
29 10 10 9 21 0
