10 5 250 22 78
127 25 45 49 82
214 79 59 84 160
278 65 89 117 180
193 51 52 69 122
195 50 70 87 130
48 18 16 16 33
72 18 40 25 62
247 65 104 122 181
90 30 29 36 67
169 51 56 60 110
23 43 55 37 44 11 18 54 20 32
0 12 9 13 11 9 8 9 9 13
12 0 8 3 12 12 6 8 12 8
9 8 0 8 10 11 5 3 11 7
13 3 8 0 13 13 7 8 13 8
11 12 10 13 0 7 10 10 6 14
9 12 11 13 7 0 10 11 3 15
8 6 5 7 10 10 0 5 10 8
9 8 3 8 10 11 5 0 11 7
9 12 11 13 6 3 10 11 0 15
13 8 7 8 14 15 8 7 15 0
0 10 14 17 15
10 0 16 16 12
14 16 0 16 20
17 16 16 0 16
15 12 20 16 0
