7 7 250 54 46
42 35 76 38 63 18 35
17 21 40 32 57 9 23
53 57 138 86 98 24 60
37 36 55 57 67 19 31
55 46 75 60 68 21 45
45 62 83 82 107 24 51
34 32 82 50 75 11 30
41 25 68 46 49 57 42
0 18 17 7 7 6 17
18 0 5 17 19 18 16
17 5 0 16 17 17 16
7 17 16 0 6 6 17
7 19 17 6 0 4 19
6 18 17 6 4 0 19
17 16 16 17 19 19 0
0 16 11 15 15 10 10
16 0 16 10 11 16 16
11 16 0 16 15 10 10
15 10 16 0 10 15 16
15 11 15 10 0 15 15
10 16 10 15 15 0 10
10 16 10 16 15 10 0
