7 8 250 18 82
48 35 120 41 28 57 28 28
112 61 220 94 53 93 61 63
111 70 201 86 52 104 45 68
91 49 147 85 38 76 43 40
59 37 159 68 33 79 30 49
171 88 289 127 57 144 65 105
41 20 70 42 11 45 25 27
28 62 57 42 38 89 21
0 10 7 9 10 7 9
10 0 8 5 13 8 5
7 8 0 7 12 5 7
9 5 7 0 13 7 5
10 13 12 13 0 13 13
7 8 5 7 13 0 7
9 5 7 5 13 7 0
0 10 14 17 18 19 19 17
10 0 15 16 17 19 17 16
14 15 0 21 21 15 22 18
17 16 21 0 12 22 11 15
18 17 21 12 0 21 11 17
19 19 15 22 21 0 23 18
19 17 22 11 11 23 0 17
17 16 18 15 17 18 17 0
