6 9 250 10 90
48 24 17 17 20 50 15 12 49
58 37 43 37 28 78 28 24 73
128 77 83 62 58 135 57 37 133
33 10 19 16 16 30 17 15 38
28 8 9 10 3 24 10 8 27
94 47 65 43 38 91 48 26 88
41 54 105 30 19 84
0 5 10 11 9 9
5 0 10 12 10 10
10 10 0 11 7 6
11 12 11 0 10 10
9 10 7 10 0 5
9 10 6 10 5 0
0 14 13 12 13 9 15 13 11
14 0 14 14 14 14 19 9 14
13 14 0 15 16 14 18 13 14
12 14 15 0 10 12 13 14 9
13 14 16 10 0 13 15 13 11
9 14 14 12 13 0 14 14 11
15 19 18 13 15 14 0 18 14
13 9 13 14 13 14 18 0 13
11 14 14 9 11 11 14 13 0
