10 8 250 25 75
78 20 11 30 34 29 23 21
58 15 18 24 20 27 19 18
145 33 32 52 69 64 47 25
97 35 31 46 51 54 35 26
77 12 20 28 27 27 22 5
73 16 13 31 31 33 32 11
62 13 19 24 20 26 33 12
397 89 94 129 140 161 128 73
96 20 16 32 32 42 33 23
84 26 20 24 25 38 33 15
23 18 41 38 20 22 21 105 29 27
0 3 8 8 3 6 8 15 9 8
3 0 9 8 3 7 9 15 9 8
8 9 0 4 9 5 12 18 2 3
8 8 4 0 8 4 10 18 4 3
3 3 9 8 0 7 8 14 9 8
6 7 5 4 7 0 9 17 5 4
8 9 12 10 8 9 0 15 11 11
15 15 18 18 14 17 15 0 18 17
9 9 2 4 9 5 11 18 0 3
8 8 3 3 8 4 11 17 3 0
0 15 15 6 6 15 16 15
15 0 6 15 16 6 11 6
15 6 0 15 15 6 12 6
6 15 15 0 6 15 16 15
6 16 15 6 0 15 16 16
15 6 6 15 15 0 11 6
16 11 12 16 16 11 0 12
15 6 6 15 16 6 12 0
