10 7 250 21 79
20 25 45 10 27 50 27
66 32 55 9 38 65 29
54 47 88 14 60 86 33
58 40 90 16 59 83 31
31 33 64 9 28 29 17
47 49 81 21 50 64 31
8 11 12 3 22 19 7
20 28 64 14 37 45 23
103 81 163 44 111 143 66
39 41 79 18 47 73 20
23 35 41 44 22 37 10 23 83 32
0 15 10 15 14 7 3 9 12 10
15 0 17 11 15 14 16 17 14 18
10 17 0 17 20 8 10 4 18 3
15 11 17 0 11 13 16 17 11 18
14 15 20 11 0 15 15 19 4 20
7 14 8 13 15 0 7 7 13 8
3 16 10 16 15 7 0 9 13 10
9 17 4 17 19 7 9 0 18 3
12 14 18 11 4 13 13 18 0 18
10 18 3 18 20 8 10 3 18 0
0 23 22 34 20 19 34
23 0 9 21 13 22 22
22 9 0 21 13 21 21
34 21 21 0 27 26 9
20 13 13 27 0 24 28
19 22 21 26 24 0 26
34 22 21 9 28 26 0
