6 8 250 16 84
43 68 54 111 46 40 50 48
56 103 55 145 73 59 87 78
82 128 97 246 105 85 110 101
59 107 64 125 65 54 79 63
52 133 76 167 89 51 75 58
53 84 49 119 51 39 51 57
44 62 91 49 62 42
0 13 12 5 5 13
13 0 5 14 14 4
12 5 0 13 13 4
5 14 13 0 6 13
5 14 13 6 0 13
13 4 4 13 13 0
0 13 12 38 10 36 11 11
13 0 9 34 11 30 12 9
12 9 0 35 10 31 10 9
38 34 35 0 37 24 38 35
10 11 10 37 0 33 10 9
36 30 31 24 33 0 34 32
11 12 10 38 10 34 0 10
11 9 9 35 9 32 10 0
