6 8 250 9 91
37 101 37 154 47 64 25 43
28 99 27 149 33 66 25 36
48 120 46 190 51 53 32 48
34 86 31 148 40 42 21 29
36 96 36 224 40 71 32 34
17 53 10 82 24 27 13 20
60 54 74 57 68 29
0 17 5 11 14 5
17 0 15 17 18 15
5 15 0 9 11 6
11 17 9 0 5 12
14 18 11 5 0 14
5 15 6 12 14 0
0 18 26 23 30 9 12 25
18 0 21 27 21 21 21 20
26 21 0 21 17 27 25 9
23 27 21 0 31 23 19 22
30 21 17 31 0 32 31 16
9 21 27 23 32 0 11 27
12 21 25 19 31 11 0 25
25 20 9 22 16 27 25 0
