6 8 250 11 89
35 19 29 19 12 21 12 12
119 88 86 59 28 70 50 79
68 39 41 35 20 43 28 54
73 49 48 35 22 27 43 48
127 91 79 49 33 65 51 69
81 48 57 36 21 55 30 43
23 76 47 53 78 48
0 14 14 14 3 3
14 0 3 3 14 13
14 3 0 3 14 14
14 3 3 0 14 14
3 14 14 14 0 3
3 13 14 14 3 0
0 13 18 10 7 18 10 17
13 0 24 16 13 25 16 25
18 24 0 19 19 13 20 13
10 16 19 0 11 18 7 17
7 13 19 11 0 19 11 19
18 25 13 18 19 0 18 6
10 16 20 7 11 18 0 18
17 25 13 17 19 6 18 0
