10 9 250 18 82
12 4 1 4 11 4 12 0 1
14 8 11 15 23 1 33 4 7
15 9 7 6 24 1 42 9 10
26 7 11 8 34 8 55 12 18
26 21 11 11 32 5 49 14 8
2 2 1 4 9 0 19 2 2
21 10 15 10 35 3 61 11 17
30 31 15 18 46 8 66 15 7
13 10 5 11 14 6 19 3 8
20 17 16 7 36 4 45 6 8
14 30 32 48 47 11 49 57 22 40
0 3 7 8 7 3 8 9 10 3
3 0 7 8 7 3 8 8 9 3
7 7 0 12 3 7 9 9 8 7
8 8 12 0 11 8 8 8 12 8
7 7 3 11 0 7 9 9 7 7
3 3 7 8 7 0 8 8 9 3
8 8 9 8 9 8 0 4 10 8
9 8 9 8 9 8 4 0 11 8
10 9 8 12 7 9 10 11 0 9
3 3 7 8 7 3 8 8 9 0
0 9 32 8 25 17 26 23 31
9 0 32 8 28 20 28 25 30
32 32 0 31 35 30 35 33 9
8 8 31 0 26 18 27 24 30
25 28 35 26 0 19 9 8 35
17 20 30 18 19 0 20 17 30
26 28 35 27 9 20 0 9 35
23 25 33 24 8 17 9 0 33
31 30 9 30 35 30 35 33 0
