5 9 250 2 98
46 55 41 50 51 24 13 45 17
151 187 115 98 150 74 46 125 49
210 253 142 120 210 116 60 150 79
56 71 26 24 58 40 11 52 19
41 56 38 29 50 20 17 35 16
38 105 145 35 29
0 4 3 16 5
4 0 5 17 3
3 5 0 17 5
16 17 17 0 17
5 3 5 17 0
0 12 21 13 22 21 14 12 22
12 0 23 12 24 23 13 11 23
21 23 0 23 14 10 21 23 10
13 12 23 0 24 23 13 11 23
22 24 14 24 0 14 23 24 14
21 23 10 23 14 0 21 23 10
14 13 21 13 23 21 0 13 21
12 11 23 11 24 23 13 0 23
22 23 10 23 14 10 21 23 0
