5 9 250 20 80
12 28 22 33 17 31 14 27 10
14 31 21 33 30 33 13 44 22
43 95 46 81 46 85 50 108 43
12 27 20 37 14 39 20 37 18
4 24 11 23 12 20 12 30 10
45 58 151 54 34
0 15 5 6 5
15 0 15 15 15
5 15 0 5 5
6 15 5 0 6
5 15 5 6 0
0 10 12 9 8 9 6 12 9
10 0 15 10 9 11 11 15 10
12 15 0 16 14 16 11 14 10
9 10 16 0 8 7 10 13 12
8 9 14 8 0 10 9 11 10
9 11 16 7 10 0 10 14 13
6 11 11 10 9 10 0 12 9
12 15 14 13 11 14 12 0 14
9 10 10 12 10 13 9 14 0
