5 9 250 9 91
89 41 28 93 45 42 121 84 52
98 52 41 92 48 52 128 122 72
162 94 64 122 76 61 237 173 96
212 96 86 189 111 107 279 228 154
115 54 49 91 59 45 167 96 80
40 53 73 111 56
0 15 4 16 5
15 0 15 9 15
4 15 0 16 5
16 9 16 0 16
5 15 5 16 0
0 17 16 9 15 13 13 12 13
17 0 9 16 22 16 21 16 20
16 9 0 15 22 16 20 16 20
9 16 15 0 16 13 14 12 13
15 22 22 16 0 14 18 14 17
13 16 16 13 14 0 17 8 17
13 21 20 14 18 17 0 17 9
12 16 16 12 14 8 17 0 16
13 20 20 13 17 17 9 16 0
